1.64774263381958 -0.002252476755529642 0.35916799306869507 1.64774263381958 0.9977475232444704 0.35916799306869507 0.032 0 0 0 0.064 0.064 0.064
1.6527426338195799 -0.002252476755529642 0.35916799306869507 1.6527426338195799 0.9977475232444704 0.35916799306869507 0.032 0 0 0 0.064 0.064 0.064
1.6577426338195798 -0.002252476755529642 0.35916799306869507 1.6577426338195798 0.9977475232444704 0.35916799306869507 0.032 0 0 0 0.064 0.064 0.064
1.6627426338195797 -0.002252476755529642 0.35916799306869507 1.6627426338195797 0.9977475232444704 0.35916799306869507 0.032 0 0 0 0.064 0.064 0.064
1.6677426338195795 -0.002252476755529642 0.35916799306869507 1.6677426338195795 0.9977475232444704 0.35916799306869507 0.032 0 0 0 0.064 0.064 0.064
1.6727426338195794 -0.002252476755529642 0.35916799306869507 1.6727426338195794 0.9977475232444704 0.35916799306869507 0.032 0 0 0 0.064 0.064 0.064
1.6777426338195793 -0.002252476755529642 0.35916799306869507 1.6777426338195793 0.9977475232444704 0.35916799306869507 0.032 0 0 0 0.064 0.064 0.064
1.6827426338195792 -0.002252476755529642 0.35916799306869507 1.6827426338195792 0.9977475232444704 0.35916799306869507 0.032 0 0 0 0.064 0.064 0.064
1.6877426338195791 -0.002252476755529642 0.35916799306869507 1.6877426338195791 0.9977475232444704 0.35916799306869507 0.032 0 0 0 0.064 0.064 0.064
1.692742633819579 -0.002252476755529642 0.35916799306869507 1.692742633819579 0.9977475232444704 0.35916799306869507 0.032 0 0 0 0.064 0.064 0.064
1.697742633819579 -0.002252476755529642 0.35916799306869507 1.697742633819579 0.9977475232444704 0.35916799306869507 0.032 0 0 0 0.064 0.064 0.064
1.7027426338195788 -0.002252476755529642 0.35916799306869507 1.7027426338195788 0.9977475232444704 0.35916799306869507 0.032 0 0 0 0.064 0.064 0.064
1.7077426338195787 -0.002252476755529642 0.35916799306869507 1.7077426338195787 0.9977475232444704 0.35916799306869507 0.032 0 0 0 0.064 0.064 0.064
1.7127426338195786 -0.002252476755529642 0.35916799306869507 1.7127426338195786 0.9977475232444704 0.35916799306869507 0.032 0 0 0 0.064 0.064 0.064
1.7177426338195785 -0.002252476755529642 0.35916799306869507 1.7177426338195785 0.9977475232444704 0.35916799306869507 0.032 0 0 0 0.064 0.064 0.064
1.7227426338195784 -0.002252476755529642 0.35916799306869507 1.7227426338195784 0.9977475232444704 0.35916799306869507 0.032 0 0 0 0.064 0.064 0.064
1.7277426338195783 -0.002252476755529642 0.35916799306869507 1.7277426338195783 0.9977475232444704 0.35916799306869507 0.032 0 0 0 0.064 0.064 0.064
1.7327426338195782 -0.002252476755529642 0.35916799306869507 1.7327426338195782 0.9977475232444704 0.35916799306869507 0.032 0 0 0 0.064 0.064 0.064
1.737742633819578 -0.002252476755529642 0.35916799306869507 1.737742633819578 0.9977475232444704 0.35916799306869507 0.032 0 0 0 0.064 0.064 0.064
1.742742633819578 -0.002252476755529642 0.35916799306869507 1.742742633819578 0.9977475232444704 0.35916799306869507 0.032 0 0 0 0.064 0.064 0.064
1.7477426338195778 -0.002252476755529642 0.35916799306869507 1.7477426338195778 0.9977475232444704 0.35916799306869507 0.032 0 0 0 0.064 0.064 0.064
1.7527426338195777 -0.002252476755529642 0.35916799306869507 1.7527426338195777 0.9977475232444704 0.35916799306869507 0.032 0 0 0 0.064 0.064 0.064
1.7577426338195776 -0.002252476755529642 0.35916799306869507 1.7577426338195776 0.9977475232444704 0.35916799306869507 0.032 0 0 0 0.064 0.064 0.064
1.7627426338195775 -0.002252476755529642 0.35916799306869507 1.7627426338195775 0.9977475232444704 0.35916799306869507 0.032 0 0 0 0.064 0.064 0.064
1.7677426338195774 -0.002252476755529642 0.35916799306869507 1.7677426338195774 0.9977475232444704 0.35916799306869507 0.032 0 0 0 0.064 0.064 0.064
1.7727426338195773 -0.002252476755529642 0.35916799306869507 1.7727426338195773 0.9977475232444704 0.35916799306869507 0.032 0 0 0 0.064 0.064 0.064
1.7777426338195772 -0.002252476755529642 0.35916799306869507 1.7777426338195772 0.9977475232444704 0.35916799306869507 0.032 0 0 0 0.064 0.064 0.064
1.782742633819577 -0.002252476755529642 0.35916799306869507 1.782742633819577 0.9977475232444704 0.35916799306869507 0.032 0 0 0 0.064 0.064 0.064
1.787742633819577 -0.002252476755529642 0.35916799306869507 1.787742633819577 0.9977475232444704 0.35916799306869507 0.032 0 0 0 0.064 0.064 0.064
1.7927426338195769 -0.002252476755529642 0.35916799306869507 1.7927426338195769 0.9977475232444704 0.35916799306869507 0.032 0 0 0 0.064 0.064 0.064
1.7977426338195768 -0.002252476755529642 0.35916799306869507 1.7977426338195768 0.9977475232444704 0.35916799306869507 0.032 0 0 0 0.064 0.064 0.064
1.8027426338195767 -0.002252476755529642 0.35916799306869507 1.8027426338195767 0.9977475232444704 0.35916799306869507 0.032 0 0 0 0.064 0.064 0.064
1.8077426338195766 -0.002252476755529642 0.35916799306869507 1.8077426338195766 0.9977475232444704 0.35916799306869507 0.032 0 0 0 0.064 0.064 0.064
1.8127426338195765 -0.002252476755529642 0.35916799306869507 1.8127426338195765 0.9977475232444704 0.35916799306869507 0.032 0 0 0 0.064 0.064 0.064
1.8177426338195763 -0.002252476755529642 0.35916799306869507 1.8177426338195763 0.9977475232444704 0.35916799306869507 0.032 0 0 0 0.064 0.064 0.064
1.8227426338195762 -0.002252476755529642 0.35916799306869507 1.8227426338195762 0.9977475232444704 0.35916799306869507 0.032 0 0 0 0.064 0.064 0.064
1.8277426338195761 -0.002252476755529642 0.35916799306869507 1.8277426338195761 0.9977475232444704 0.35916799306869507 0.032 0 0 0 0.064 0.064 0.064
1.832742633819576 -0.002252476755529642 0.35916799306869507 1.832742633819576 0.9977475232444704 0.35916799306869507 0.032 0 0 0 0.064 0.064 0.064
1.837742633819576 -0.002252476755529642 0.35916799306869507 1.837742633819576 0.9977475232444704 0.35916799306869507 0.032 0 0 0 0.064 0.064 0.064
1.8427426338195758 -0.002252476755529642 0.35916799306869507 1.8427426338195758 0.9977475232444704 0.35916799306869507 0.032 0 0 0 0.064 0.064 0.064
1.8477426338195757 -0.002252476755529642 0.35916799306869507 1.8477426338195757 0.9977475232444704 0.35916799306869507 0.032 0 0 0 0.064 0.064 0.064
1.8527426338195756 -0.002252476755529642 0.35916799306869507 1.8527426338195756 0.9977475232444704 0.35916799306869507 0.032 0 0 0 0.064 0.064 0.064
1.8577426338195755 -0.002252476755529642 0.35916799306869507 1.8577426338195755 0.9977475232444704 0.35916799306869507 0.032 0 0 0 0.064 0.064 0.064
1.8627426338195754 -0.002252476755529642 0.35916799306869507 1.8627426338195754 0.9977475232444704 0.35916799306869507 0.032 0 0 0 0.064 0.064 0.064
1.8677426338195753 -0.002252476755529642 0.35916799306869507 1.8677426338195753 0.9977475232444704 0.35916799306869507 0.032 0 0 0 0.064 0.064 0.064
1.8727426338195752 -0.002252476755529642 0.35916799306869507 1.8727426338195752 0.9977475232444704 0.35916799306869507 0.032 0 0 0 0.064 0.064 0.064
1.877742633819575 -0.002252476755529642 0.35916799306869507 1.877742633819575 0.9977475232444704 0.35916799306869507 0.032 0 0 0 0.064 0.064 0.064
1.882742633819575 -0.002252476755529642 0.35916799306869507 1.882742633819575 0.9977475232444704 0.35916799306869507 0.032 0 0 0 0.064 0.064 0.064
1.8877426338195749 -0.002252476755529642 0.35916799306869507 1.8877426338195749 0.9977475232444704 0.35916799306869507 0.032 0 0 0 0.064 0.064 0.064
1.8927426338195747 -0.002252476755529642 0.35916799306869507 1.8927426338195747 0.9977475232444704 0.35916799306869507 0.032 0 0 0 0.064 0.064 0.064
1.8977426338195746 -0.002252476755529642 0.35916799306869507 1.8977426338195746 0.9977475232444704 0.35916799306869507 0.032 0 0 0 0.064 0.064 0.064
1.9027426338195745 -0.002252476755529642 0.35916799306869507 1.9027426338195745 0.9977475232444704 0.35916799306869507 0.032 0 0 0 0.064 0.064 0.064
1.9077426338195744 -0.002252476755529642 0.35916799306869507 1.9077426338195744 0.9977475232444704 0.35916799306869507 0.032 0 0 0 0.064 0.064 0.064
1.9127426338195743 -0.002252476755529642 0.35916799306869507 1.9127426338195743 0.9977475232444704 0.35916799306869507 0.032 0 0 0 0.064 0.064 0.064
1.9177426338195742 -0.002252476755529642 0.35916799306869507 1.9177426338195742 0.9977475232444704 0.35916799306869507 0.032 0 0 0 0.064 0.064 0.064
1.922742633819574 -0.002252476755529642 0.35916799306869507 1.922742633819574 0.9977475232444704 0.35916799306869507 0.032 0 0 0 0.064 0.064 0.064
1.927742633819574 -0.002252476755529642 0.35916799306869507 1.927742633819574 0.9977475232444704 0.35916799306869507 0.032 0 0 0 0.064 0.064 0.064
1.932742633819574 -0.002252476755529642 0.35916799306869507 1.932742633819574 0.9977475232444704 0.35916799306869507 0.032 0 0 0 0.064 0.064 0.064
1.9377426338195738 -0.002252476755529642 0.35916799306869507 1.9377426338195738 0.9977475232444704 0.35916799306869507 0.032 0 0 0 0.064 0.064 0.064
1.9427426338195737 -0.002252476755529642 0.35916799306869507 1.9427426338195737 0.9977475232444704 0.35916799306869507 0.032 0 0 0 0.064 0.064 0.064
1.9477426338195736 -0.002252476755529642 0.35916799306869507 1.9477426338195736 0.9977475232444704 0.35916799306869507 0.032 0 0 0 0.064 0.064 0.064
1.9527426338195735 -0.002252476755529642 0.35916799306869507 1.9527426338195735 0.9977475232444704 0.35916799306869507 0.032 0 0 0 0.064 0.064 0.064
1.9577426338195734 -0.002252476755529642 0.35916799306869507 1.9577426338195734 0.9977475232444704 0.35916799306869507 0.032 0 0 0 0.064 0.064 0.064
1.9627426338195733 -0.002252476755529642 0.35916799306869507 1.9627426338195733 0.9977475232444704 0.35916799306869507 0.032 0 0 0 0.064 0.064 0.064
1.9677426338195732 -0.002252476755529642 0.35916799306869507 1.9677426338195732 0.9977475232444704 0.35916799306869507 0.032 0 0 0 0.064 0.064 0.064
1.972742633819573 -0.002252476755529642 0.35916799306869507 1.972742633819573 0.9977475232444704 0.35916799306869507 0.032 0 0 0 0.064 0.064 0.064
1.977742633819573 -0.002252476755529642 0.35916799306869507 1.977742633819573 0.9977475232444704 0.35916799306869507 0.032 0 0 0 0.064 0.064 0.064
1.9827426338195728 -0.002252476755529642 0.35916799306869507 1.9827426338195728 0.9977475232444704 0.35916799306869507 0.032 0 0 0 0.064 0.064 0.064
1.9877426338195727 -0.002252476755529642 0.35916799306869507 1.9877426338195727 0.9977475232444704 0.35916799306869507 0.032 0 0 0 0.064 0.064 0.064
1.9927426338195726 -0.002252476755529642 0.35916799306869507 1.9927426338195726 0.9977475232444704 0.35916799306869507 0.032 0 0 0 0.064 0.064 0.064
1.9977426338195725 -0.002252476755529642 0.35916799306869507 1.9977426338195725 0.9977475232444704 0.35916799306869507 0.032 0 0 0 0.064 0.064 0.064
2.0027426338195724 -0.002252476755529642 0.35916799306869507 2.0027426338195724 0.9977475232444704 0.35916799306869507 0.032 0 0 0 0.064 0.064 0.064
2.0077426338195723 -0.002252476755529642 0.35916799306869507 2.0077426338195723 0.9977475232444704 0.35916799306869507 0.032 0 0 0 0.064 0.064 0.064
2.012742633819572 -0.002252476755529642 0.35916799306869507 2.012742633819572 0.9977475232444704 0.35916799306869507 0.032 0 0 0 0.064 0.064 0.064
2.017742633819572 -0.002252476755529642 0.35916799306869507 2.017742633819572 0.9977475232444704 0.35916799306869507 0.032 0 0 0 0.064 0.064 0.064
2.022742633819572 -0.002252476755529642 0.35916799306869507 2.022742633819572 0.9977475232444704 0.35916799306869507 0.032 0 0 0 0.064 0.064 0.064
2.027742633819572 -0.002252476755529642 0.35916799306869507 2.027742633819572 0.9977475232444704 0.35916799306869507 0.032 0 0 0 0.064 0.064 0.064
2.0327426338195718 -0.002252476755529642 0.35916799306869507 2.0327426338195718 0.9977475232444704 0.35916799306869507 0.032 0 0 0 0.064 0.064 0.064
2.0377426338195717 -0.002252476755529642 0.35916799306869507 2.0377426338195717 0.9977475232444704 0.35916799306869507 0.032 0 0 0 0.064 0.064 0.064
2.0427426338195716 -0.002252476755529642 0.35916799306869507 2.0427426338195716 0.9977475232444704 0.35916799306869507 0.032 0 0 0 0.064 0.064 0.064
2.0477426338195714 -0.002252476755529642 0.35916799306869507 2.0477426338195714 0.9977475232444704 0.35916799306869507 0.032 0 0 0 0.064 0.064 0.064
2.0527426338195713 -0.002252476755529642 0.35916799306869507 2.0527426338195713 0.9977475232444704 0.35916799306869507 0.032 0 0 0 0.064 0.064 0.064
2.0577426338195712 -0.002252476755529642 0.35916799306869507 2.0577426338195712 0.9977475232444704 0.35916799306869507 0.032 0 0 0 0.064 0.064 0.064
2.062742633819571 -0.002252476755529642 0.35916799306869507 2.062742633819571 0.9977475232444704 0.35916799306869507 0.032 0 0 0 0.064 0.064 0.064
2.067742633819571 -0.002252476755529642 0.35916799306869507 2.067742633819571 0.9977475232444704 0.35916799306869507 0.032 0 0 0 0.064 0.064 0.064
2.072742633819571 -0.002252476755529642 0.35916799306869507 2.072742633819571 0.9977475232444704 0.35916799306869507 0.032 0 0 0 0.064 0.064 0.064
2.077742633819571 -0.002252476755529642 0.35916799306869507 2.077742633819571 0.9977475232444704 0.35916799306869507 0.032 0 0 0 0.064 0.064 0.064
2.0827426338195707 -0.002252476755529642 0.35916799306869507 2.0827426338195707 0.9977475232444704 0.35916799306869507 0.032 0 0 0 0.064 0.064 0.064
2.0877426338195706 -0.002252476755529642 0.35916799306869507 2.0877426338195706 0.9977475232444704 0.35916799306869507 0.032 0 0 0 0.064 0.064 0.064
2.0927426338195705 -0.002252476755529642 0.35916799306869507 2.0927426338195705 0.9977475232444704 0.35916799306869507 0.032 0 0 0 0.064 0.064 0.064
2.0977426338195704 -0.002252476755529642 0.35916799306869507 2.0977426338195704 0.9977475232444704 0.35916799306869507 0.032 0 0 0 0.064 0.064 0.064
2.1027426338195703 -0.002252476755529642 0.35916799306869507 2.1027426338195703 0.9977475232444704 0.35916799306869507 0.032 0 0 0 0.064 0.064 0.064
2.10774263381957 -0.002252476755529642 0.35916799306869507 2.10774263381957 0.9977475232444704 0.35916799306869507 0.032 0 0 0 0.064 0.064 0.064
2.11274263381957 -0.002252476755529642 0.35916799306869507 2.11274263381957 0.9977475232444704 0.35916799306869507 0.032 0 0 0 0.064 0.064 0.064
2.11774263381957 -0.002252476755529642 0.35916799306869507 2.11774263381957 0.9977475232444704 0.35916799306869507 0.032 0 0 0 0.064 0.064 0.064
2.12274263381957 -0.002252476755529642 0.35916799306869507 2.12274263381957 0.9977475232444704 0.35916799306869507 0.032 0 0 0 0.064 0.064 0.064
2.1277426338195697 -0.002252476755529642 0.35916799306869507 2.1277426338195697 0.9977475232444704 0.35916799306869507 0.032 0 0 0 0.064 0.064 0.064
2.1327426338195696 -0.002252476755529642 0.35916799306869507 2.1327426338195696 0.9977475232444704 0.35916799306869507 0.032 0 0 0 0.064 0.064 0.064
2.1377426338195695 -0.002252476755529642 0.35916799306869507 2.1377426338195695 0.9977475232444704 0.35916799306869507 0.032 0 0 0 0.064 0.064 0.064
2.1427426338195694 -0.002252476755529642 0.35916799306869507 2.1427426338195694 0.9977475232444704 0.35916799306869507 0.032 0 0 0 0.064 0.064 0.064
